(Destination, Capacity, Duration)
Node 1 :
   (8,10,2)
   (6,10,5)
   (30,11,5)
Node 2 :
   (28,1,3)
   (49,2,28)
Node 3 :
   (4,10,5)
   (11,3,52)
Node 4 :
   (50,6,15)
Node 5 :
   (49,2,24)
   (4,7,35)
   (50,17,50)
   (11,10,8)
   (21,5,14)
Node 6 :
   (2,16,15)
   (42,5,6)
   (10,7,2)
   (14,11,5)
   (26,12,21)
   (32,9,8)
Node 7 :
   (16,3,4)
   (2,17,15)
Node 8 :
   (42,12,9)
   (7,14,54)
   (14,9,8)
   (15,2,3)
   (9,2,12)
Node 9 :
   (43,20,11)
   (41,15,4)
   (26,15,12)
   (21,17,15)
Node 10 :
   (32,20,6)
   (16,3,63)
   (14,4,3)
Node 11 :
   (50,5,42)
Node 12 :
   (5,15,14)
   (23,20,20)
Node 13 :
   (29,8,15)
   (46,10,3)
   (7,19,44)
   (43,14,13)
Node 14 :
   (26,18,16)
   (2,20,13)
   (13,19,2)
   (46,13,5)
   (42,13,1)
Node 15 :
   (28,19,15)
   (46,15,10)
   (47,1,27)
   (41,7,13)
   (43,15,20)
Node 16 :
   (21,9,29)
   (17,16,16)
   (37,9,14)
   (12,6,1)
Node 17 :
   (20,7,12)
   (23,16,5)
   (11,19,7)
Node 18 :
   (25,1,5)
   (31,10,4)
   (7,3,15)
Node 19 :
   (38,15,42)
Node 20 :
   (49,17,11)
   (21,12,1)
Node 21 :
   (4,7,21)
   (49,4,10)
Node 22 :
   (31,12,14)
   (7,3,25)
Node 23 :
   (4,19,29)
   (11,10,2)
Node 24 :
   (7,19,28)
   (37,10,46)
Node 25 :
   (35,8,13)
   (12,10,15)
Node 26 :
   (38,5,22)
   (48,18,1)
Node 27 :
   (21,9,53)
   (35,1,23)
   (38,10,2)
   (37,16,38)
Node 28 :
   (20,8,14)
   (17,19,2)
   (21,10,15)
Node 29 :
   (39,7,9)
   (47,8,5)
   (44,11,4)
   (18,15,24)
Node 30 :
   (25,8,51)
   (40,14,1)
   (45,1,3)
   (32,18,8)
   (19,6,1)
Node 31 :
   (35,12,14)
Node 32 :
   (26,19,13)
   (9,2,1)
   (46,11,2)
Node 33 :
   (5,2,46)
   (37,16,45)
Node 34 :
   (12,16,37)
   (35,14,35)
   (38,14,14)
Node 35 :
   (28,1,15)
Node 36 :
   (26,18,15)
Node 37 :
   (49,7,25)
   (23,1,7)
Node 38 :
   (28,17,36)
Node 39 :
   (33,14,3)
   (22,12,5)
   (25,3,20)
   (18,20,15)
   (24,20,2)
Node 40 :
   (39,5,30)
   (4,12,15)
Node 41 :
   (34,6,16)
   (23,3,13)
   (44,17,13)
   (7,11,48)
Node 42 :
   (43,5,14)
   (46,19,4)
   (32,8,2)
   (29,16,16)
Node 43 :
   (29,10,2)
   (39,17,11)
Node 44 :
   (34,10,3)
   (27,14,15)
Node 45 :
   (36,20,3)
   (12,15,53)
Node 46 :
   (24,15,23)
   (39,3,21)
   (29,17,12)
Node 47 :
   (7,20,34)
Node 48 :
   (34,5,7)
   (22,5,14)
   (3,5,14)
   (24,18,11)
Node 49 :
   (50,5,26)
   (4,12,11)
