(Destination, Capacity, Duration)
Node 0 :
   (37,5,2)
   (7,3,5)
   (5,5,5)
Node 1 :
   (43,3,7)
   (40,20,25)
Node 2 :
   (19,2,15)
   (22,14,3)
   (15,16,5)
   (47,4,20)
   (17,1,2)
Node 3 :
   (9,7,15)
Node 4 :
   (27,2,2)
   (48,18,23)
   (1,3,38)
   (12,15,53)
Node 5 :
   (32,12,15)
   (23,11,2)
   (8,11,5)
   (9,5,21)
   (10,7,8)
   (25,6,6)
Node 6 :
   (1,8,14)
   (39,3,1)
   (12,6,29)
   (18,16,16)
Node 7 :
   (10,15,8)
   (45,12,1)
   (24,12,1)
   (47,5,51)
   (26,6,3)
Node 8 :
   (25,5,1)
   (9,19,16)
   (20,12,5)
   (32,10,13)
   (29,2,2)
Node 9 :
   (35,6,1)
   (27,5,22)
Node 10 :
   (20,18,2)
   (28,16,1)
   (9,15,13)
Node 11 :
   (49,1,15)
Node 12 :
   (40,19,10)
   (11,18,21)
Node 13 :
   (36,10,34)
Node 14 :
   (31,17,3)
   (4,19,15)
Node 15 :
   (33,20,14)
   (36,10,25)
Node 16 :
   (11,5,5)
   (38,7,52)
Node 17 :
   (36,19,28)
   (1,7,46)
Node 18 :
   (46,16,12)
   (38,2,7)
   (43,3,5)
Node 19 :
   (36,9,15)
   (33,4,4)
   (47,5,5)
Node 20 :
   (2,13,21)
   (41,16,12)
   (17,4,23)
Node 21 :
   (31,4,16)
   (36,6,48)
   (14,4,13)
   (43,16,13)
Node 22 :
   (30,9,46)
   (1,18,45)
Node 23 :
   (6,9,63)
   (10,17,6)
   (8,19,3)
Node 24 :
   (27,9,42)
Node 25 :
   (10,9,2)
   (42,15,14)
   (41,11,16)
   (20,4,4)
Node 26 :
   (3,3,3)
   (39,1,53)
Node 27 :
   (44,13,36)
Node 28 :
   (12,10,15)
   (21,1,4)
   (9,20,12)
   (42,6,11)
Node 29 :
   (20,10,3)
   (41,3,15)
   (36,19,44)
   (42,18,13)
Node 30 :
   (38,19,8)
   (40,19,24)
   (49,2,50)
   (12,8,14)
   (11,20,35)
Node 31 :
   (39,9,37)
   (48,5,35)
   (27,18,14)
Node 32 :
   (40,20,28)
   (44,18,3)
Node 33 :
   (48,16,14)
Node 34 :
   (20,9,10)
   (42,7,20)
   (44,5,15)
   (13,6,27)
   (21,9,13)
Node 35 :
   (17,2,11)
   (16,8,14)
   (31,7,7)
   (15,9,14)
Node 36 :
   (6,10,4)
   (32,18,15)
Node 37 :
   (36,12,54)
   (25,19,9)
   (34,15,3)
   (28,9,12)
   (8,4,8)
Node 38 :
   (49,6,42)
Node 39 :
   (43,6,20)
   (30,12,14)
Node 40 :
   (11,10,11)
   (49,1,26)
Node 41 :
   (19,15,24)
   (13,4,5)
   (2,19,9)
   (14,4,4)
Node 42 :
   (41,6,2)
   (2,20,11)
Node 43 :
   (11,6,29)
   (38,1,2)
Node 44 :
   (18,9,2)
   (46,20,14)
   (12,9,15)
Node 45 :
   (11,4,15)
   (2,19,30)
Node 46 :
   (12,9,1)
   (40,11,11)
Node 47 :
   (48,7,13)
   (39,13,15)
Node 48 :
   (44,14,15)
